branch_id	branch_type	n_shared_genes	n_fix_non_na	n_free_non_na	support_percent	discordance_percent
B1	terminal	5	5	5	100.0000000000	0.0000000000
B2	terminal	5	4	4	100.0000000000	0.0000000000
B3	terminal	5	4	4	100.0000000000	0.0000000000
B4	terminal	5	4	4	100.0000000000	0.0000000000
B5	terminal	5	5	5	100.0000000000	0.0000000000
B6	terminal	5	5	5	100.0000000000	0.0000000000
B7	terminal	5	5	5	100.0000000000	0.0000000000
B8	terminal	5	5	5	100.0000000000	0.0000000000
B9	terminal	5	4	4	100.0000000000	0.0000000000
B10	terminal	5	4	4	100.0000000000	0.0000000000
B11	terminal	5	3	3	100.0000000000	0.0000000000
B12	terminal	5	3	3	100.0000000000	0.0000000000
B13	terminal	5	5	5	100.0000000000	0.0000000000
B14	terminal	5	1	1	100.0000000000	0.0000000000
B15	terminal	5	1	1	100.0000000000	0.0000000000
B16	terminal	5	5	5	100.0000000000	0.0000000000
B17	terminal	5	5	5	100.0000000000	0.0000000000
B18	terminal	5	5	5	100.0000000000	0.0000000000
B19	terminal	5	4	4	100.0000000000	0.0000000000
B20	terminal	5	4	4	100.0000000000	0.0000000000
B21	terminal	5	4	4	100.0000000000	0.0000000000
B22	terminal	5	4	4	100.0000000000	0.0000000000
B23	terminal	5	5	5	100.0000000000	0.0000000000
B24	terminal	5	5	5	100.0000000000	0.0000000000
B25	terminal	5	5	5	100.0000000000	0.0000000000
B26	terminal	5	5	5	100.0000000000	0.0000000000
B27	terminal	5	5	5	100.0000000000	0.0000000000
B28	terminal	5	3	3	100.0000000000	0.0000000000
B29	terminal	5	3	3	100.0000000000	0.0000000000
B30	terminal	5	5	5	100.0000000000	0.0000000000
B31	terminal	5	5	5	100.0000000000	0.0000000000
B32	terminal	5	5	5	100.0000000000	0.0000000000
B33	terminal	5	3	3	100.0000000000	0.0000000000
B34	terminal	5	3	3	100.0000000000	0.0000000000
B35	terminal	5	4	4	100.0000000000	0.0000000000
B36	terminal	5	4	4	100.0000000000	0.0000000000
B37	terminal	5	4	4	100.0000000000	0.0000000000
B38	terminal	5	4	4	100.0000000000	0.0000000000
B39	terminal	5	4	4	100.0000000000	0.0000000000
B40	terminal	5	4	4	100.0000000000	0.0000000000
B41	terminal	5	4	4	100.0000000000	0.0000000000
B42	terminal	5	3	3	100.0000000000	0.0000000000
B43	terminal	5	5	5	100.0000000000	0.0000000000
B44	terminal	5	3	3	100.0000000000	0.0000000000
B45	terminal	5	3	3	100.0000000000	0.0000000000
B46	terminal	5	3	3	100.0000000000	0.0000000000
B47	terminal	5	3	3	100.0000000000	0.0000000000
B48	terminal	5	5	5	100.0000000000	0.0000000000
B49	terminal	5	4	4	100.0000000000	0.0000000000
B50	terminal	5	4	4	100.0000000000	0.0000000000
B51	terminal	5	5	5	100.0000000000	0.0000000000
B52	terminal	5	5	5	100.0000000000	0.0000000000
B53	terminal	5	4	4	100.0000000000	0.0000000000
B54	terminal	5	4	4	100.0000000000	0.0000000000
B55	terminal	5	5	5	100.0000000000	0.0000000000
B56	terminal	5	5	5	100.0000000000	0.0000000000
B57	terminal	5	4	4	100.0000000000	0.0000000000
B58	terminal	5	4	4	100.0000000000	0.0000000000
B59	terminal	5	5	5	100.0000000000	0.0000000000
B60	terminal	5	5	5	100.0000000000	0.0000000000
B61	terminal	5	5	5	100.0000000000	0.0000000000
B62	terminal	5	5	5	100.0000000000	0.0000000000
B63	terminal	5	5	5	100.0000000000	0.0000000000
B64	terminal	5	4	4	100.0000000000	0.0000000000
B65	terminal	5	4	4	100.0000000000	0.0000000000
B66	terminal	5	4	4	100.0000000000	0.0000000000
B67	terminal	5	4	4	100.0000000000	0.0000000000
B68	terminal	5	4	4	100.0000000000	0.0000000000
B69	terminal	5	3	3	100.0000000000	0.0000000000
B70	terminal	5	5	5	100.0000000000	0.0000000000
B71	terminal	5	3	3	100.0000000000	0.0000000000
B72	terminal	5	3	3	100.0000000000	0.0000000000
B73	terminal	5	5	5	100.0000000000	0.0000000000
B74	terminal	5	5	5	100.0000000000	0.0000000000
B75	terminal	5	5	5	100.0000000000	0.0000000000
B76	terminal	5	5	5	100.0000000000	0.0000000000
B77	terminal	5	5	5	100.0000000000	0.0000000000
B78	terminal	5	4	4	100.0000000000	0.0000000000
B79	terminal	5	4	4	100.0000000000	0.0000000000
B80	terminal	5	5	5	100.0000000000	0.0000000000
B81	terminal	5	5	5	100.0000000000	0.0000000000
B82	terminal	5	5	5	100.0000000000	0.0000000000
B83	terminal	5	5	5	100.0000000000	0.0000000000
B84	terminal	5	4	4	100.0000000000	0.0000000000
B85	terminal	5	4	4	100.0000000000	0.0000000000
B86	terminal	5	4	4	100.0000000000	0.0000000000
B87	terminal	5	5	5	100.0000000000	0.0000000000
B88	terminal	5	5	5	100.0000000000	0.0000000000
B89	terminal	5	5	5	100.0000000000	0.0000000000
B90	terminal	5	5	5	100.0000000000	0.0000000000
B91	terminal	5	5	5	100.0000000000	0.0000000000
B92	terminal	5	5	5	100.0000000000	0.0000000000
B93	terminal	5	5	5	100.0000000000	0.0000000000
B94	terminal	5	5	5	100.0000000000	0.0000000000
B95	terminal	5	5	5	100.0000000000	0.0000000000
B96	terminal	5	5	5	100.0000000000	0.0000000000
B97	terminal	5	5	5	100.0000000000	0.0000000000
B98	terminal	5	5	5	100.0000000000	0.0000000000
B99	terminal	5	5	5	100.0000000000	0.0000000000
B100	terminal	5	5	5	100.0000000000	0.0000000000
B101	terminal	5	5	5	100.0000000000	0.0000000000
B102	terminal	5	5	5	100.0000000000	0.0000000000
B103	terminal	5	5	5	100.0000000000	0.0000000000
B104	terminal	5	5	5	100.0000000000	0.0000000000
B105	terminal	5	5	5	100.0000000000	0.0000000000
B106	terminal	5	4	4	100.0000000000	0.0000000000
B107	terminal	5	4	4	100.0000000000	0.0000000000
B108	terminal	5	5	5	100.0000000000	0.0000000000
B109	terminal	5	5	5	100.0000000000	0.0000000000
B110	terminal	5	5	5	100.0000000000	0.0000000000
B111	terminal	5	5	5	100.0000000000	0.0000000000
B112	terminal	5	5	5	100.0000000000	0.0000000000
B113	terminal	5	5	5	100.0000000000	0.0000000000
B114	terminal	5	5	5	100.0000000000	0.0000000000
B115	terminal	5	5	5	100.0000000000	0.0000000000
B116	terminal	5	4	4	100.0000000000	0.0000000000
B117	terminal	5	4	4	100.0000000000	0.0000000000
B118	terminal	5	4	4	100.0000000000	0.0000000000
B119	terminal	5	5	5	100.0000000000	0.0000000000
B120	terminal	5	5	5	100.0000000000	0.0000000000
B121	terminal	5	5	5	100.0000000000	0.0000000000
B122	terminal	5	5	5	100.0000000000	0.0000000000
B123	terminal	5	5	5	100.0000000000	0.0000000000
B124	terminal	5	5	5	100.0000000000	0.0000000000
B125	terminal	5	5	5	100.0000000000	0.0000000000
B126	terminal	5	4	4	100.0000000000	0.0000000000
B127	terminal	5	5	5	100.0000000000	0.0000000000
B128	terminal	5	4	4	100.0000000000	0.0000000000
B129	terminal	5	4	4	100.0000000000	0.0000000000
B130	terminal	5	5	5	100.0000000000	0.0000000000
B131	terminal	5	5	5	100.0000000000	0.0000000000
B132	terminal	5	4	4	100.0000000000	0.0000000000
B133	terminal	5	4	4	100.0000000000	0.0000000000
B134	terminal	5	4	4	100.0000000000	0.0000000000
B135	terminal	5	4	4	100.0000000000	0.0000000000
B136	terminal	5	4	4	100.0000000000	0.0000000000
B137	terminal	5	4	4	100.0000000000	0.0000000000
B138	terminal	5	5	5	100.0000000000	0.0000000000
B139	terminal	5	5	5	100.0000000000	0.0000000000
B140	terminal	5	4	4	100.0000000000	0.0000000000
B141	terminal	5	4	4	100.0000000000	0.0000000000
B142	terminal	5	5	5	100.0000000000	0.0000000000
B143	terminal	5	5	5	100.0000000000	0.0000000000
B144	terminal	5	4	4	100.0000000000	0.0000000000
B145	terminal	5	4	4	100.0000000000	0.0000000000
B146	terminal	5	5	5	100.0000000000	0.0000000000
B147	terminal	5	5	5	100.0000000000	0.0000000000
B148	terminal	5	5	5	100.0000000000	0.0000000000
B149	terminal	5	5	5	100.0000000000	0.0000000000
B150	terminal	5	4	4	100.0000000000	0.0000000000
B151	terminal	5	4	4	100.0000000000	0.0000000000
B152	terminal	5	4	4	100.0000000000	0.0000000000
B153	terminal	5	4	4	100.0000000000	0.0000000000
B154	terminal	5	5	5	100.0000000000	0.0000000000
B155	terminal	5	5	5	100.0000000000	0.0000000000
B156	terminal	5	5	5	100.0000000000	0.0000000000
B157	terminal	5	5	5	100.0000000000	0.0000000000
B158	terminal	5	5	5	100.0000000000	0.0000000000
B159	terminal	5	5	5	100.0000000000	0.0000000000
B160	terminal	5	5	5	100.0000000000	0.0000000000
B161	terminal	5	5	5	100.0000000000	0.0000000000
B162	terminal	5	5	5	100.0000000000	0.0000000000
B163	terminal	5	5	5	100.0000000000	0.0000000000
B164	terminal	5	5	5	100.0000000000	0.0000000000
B165	terminal	5	4	4	100.0000000000	0.0000000000
B166	terminal	5	4	4	100.0000000000	0.0000000000
B167	terminal	5	4	4	100.0000000000	0.0000000000
B168	terminal	5	4	4	100.0000000000	0.0000000000
B169	terminal	5	5	5	100.0000000000	0.0000000000
B170	terminal	5	4	4	100.0000000000	0.0000000000
B171	terminal	5	4	4	100.0000000000	0.0000000000
B172	terminal	5	5	5	100.0000000000	0.0000000000
B173	terminal	5	5	5	100.0000000000	0.0000000000
B174	terminal	5	5	5	100.0000000000	0.0000000000
B175	terminal	5	5	5	100.0000000000	0.0000000000
B176	terminal	5	5	5	100.0000000000	0.0000000000
B177	terminal	5	5	5	100.0000000000	0.0000000000
B178	terminal	5	5	5	100.0000000000	0.0000000000
B179	terminal	5	5	5	100.0000000000	0.0000000000
B180	terminal	5	5	5	100.0000000000	0.0000000000
B181	terminal	5	5	5	100.0000000000	0.0000000000
B182	terminal	5	5	5	100.0000000000	0.0000000000
B183	terminal	5	5	5	100.0000000000	0.0000000000
B184	terminal	5	4	4	100.0000000000	0.0000000000
B185	terminal	5	5	5	100.0000000000	0.0000000000
B186	terminal	5	5	5	100.0000000000	0.0000000000
B187	terminal	5	5	5	100.0000000000	0.0000000000
B188	terminal	5	5	5	100.0000000000	0.0000000000
B189	terminal	5	3	3	100.0000000000	0.0000000000
B190	terminal	5	5	5	100.0000000000	0.0000000000
B191	terminal	5	5	5	100.0000000000	0.0000000000
B192	terminal	5	5	5	100.0000000000	0.0000000000
B193	terminal	5	5	5	100.0000000000	0.0000000000
B194	terminal	5	5	5	100.0000000000	0.0000000000
B195	terminal	5	5	5	100.0000000000	0.0000000000
B196	terminal	5	5	5	100.0000000000	0.0000000000
B197	terminal	5	5	5	100.0000000000	0.0000000000
B198	terminal	5	5	5	100.0000000000	0.0000000000
B199	terminal	5	5	5	100.0000000000	0.0000000000
B200	terminal	5	5	5	100.0000000000	0.0000000000
B201	terminal	5	5	5	100.0000000000	0.0000000000
B202	terminal	5	5	5	100.0000000000	0.0000000000
B203	terminal	5	5	5	100.0000000000	0.0000000000
B204	terminal	5	5	5	100.0000000000	0.0000000000
B205	terminal	5	5	5	100.0000000000	0.0000000000
B206	terminal	5	4	4	100.0000000000	0.0000000000
B207	terminal	5	4	4	100.0000000000	0.0000000000
B208	terminal	5	5	5	100.0000000000	0.0000000000
B209	terminal	5	5	5	100.0000000000	0.0000000000
B210	terminal	5	5	5	100.0000000000	0.0000000000
B211	terminal	5	5	5	100.0000000000	0.0000000000
B212	terminal	5	5	5	100.0000000000	0.0000000000
B213	terminal	5	5	5	100.0000000000	0.0000000000
B214	terminal	5	5	5	100.0000000000	0.0000000000
B215	terminal	5	5	5	100.0000000000	0.0000000000
B216	terminal	5	5	5	100.0000000000	0.0000000000
B217	terminal	5	4	4	100.0000000000	0.0000000000
B218	terminal	5	4	4	100.0000000000	0.0000000000
B219	terminal	5	5	5	100.0000000000	0.0000000000
B220	terminal	5	5	5	100.0000000000	0.0000000000
B221	terminal	5	5	5	100.0000000000	0.0000000000
B222	terminal	5	5	5	100.0000000000	0.0000000000
B223	terminal	5	5	5	100.0000000000	0.0000000000
B224	terminal	5	5	5	100.0000000000	0.0000000000
B225	terminal	5	5	5	100.0000000000	0.0000000000
B226	terminal	5	5	5	100.0000000000	0.0000000000
B227	terminal	5	5	5	100.0000000000	0.0000000000
B228	terminal	5	5	5	100.0000000000	0.0000000000
B229	terminal	5	5	5	100.0000000000	0.0000000000
B230	terminal	5	5	5	100.0000000000	0.0000000000
B231	terminal	5	5	5	100.0000000000	0.0000000000
B232	terminal	5	5	5	100.0000000000	0.0000000000
B233	terminal	5	5	5	100.0000000000	0.0000000000
B234	terminal	5	4	4	100.0000000000	0.0000000000
B235	terminal	5	4	4	100.0000000000	0.0000000000
B236	terminal	5	5	5	100.0000000000	0.0000000000
B237	terminal	5	5	5	100.0000000000	0.0000000000
B238	terminal	5	5	5	100.0000000000	0.0000000000
B239	terminal	5	5	5	100.0000000000	0.0000000000
B240	terminal	5	5	5	100.0000000000	0.0000000000
B241	terminal	5	4	4	100.0000000000	0.0000000000
B242	terminal	5	4	4	100.0000000000	0.0000000000
B243	terminal	5	4	4	100.0000000000	0.0000000000
B244	terminal	5	4	4	100.0000000000	0.0000000000
B245	terminal	5	4	4	100.0000000000	0.0000000000
B246	terminal	5	4	4	100.0000000000	0.0000000000
B247	terminal	5	4	4	100.0000000000	0.0000000000
B248	terminal	5	4	4	100.0000000000	0.0000000000
B249	terminal	5	5	5	100.0000000000	0.0000000000
B250	terminal	5	5	5	100.0000000000	0.0000000000
B251	terminal	5	3	3	100.0000000000	0.0000000000
B252	terminal	5	3	3	100.0000000000	0.0000000000
B253	terminal	5	4	4	100.0000000000	0.0000000000
B254	terminal	5	4	4	100.0000000000	0.0000000000
B255	terminal	5	5	5	100.0000000000	0.0000000000
B256	terminal	5	5	5	100.0000000000	0.0000000000
B257	terminal	5	5	5	100.0000000000	0.0000000000
B258	terminal	5	5	5	100.0000000000	0.0000000000
B259	terminal	5	5	5	100.0000000000	0.0000000000
B260	terminal	5	5	5	100.0000000000	0.0000000000
B261	terminal	5	5	5	100.0000000000	0.0000000000
B262	terminal	5	5	5	100.0000000000	0.0000000000
B263	terminal	5	4	4	100.0000000000	0.0000000000
B264	terminal	5	5	5	100.0000000000	0.0000000000
B265	terminal	5	5	5	100.0000000000	0.0000000000
B266	terminal	5	5	5	100.0000000000	0.0000000000
B267	terminal	5	5	5	100.0000000000	0.0000000000
B268	terminal	5	5	5	100.0000000000	0.0000000000
B269	terminal	5	5	5	100.0000000000	0.0000000000
B270	terminal	5	5	5	100.0000000000	0.0000000000
B271	terminal	5	5	5	100.0000000000	0.0000000000
B272	terminal	5	5	5	100.0000000000	0.0000000000
B273	terminal	5	4	4	100.0000000000	0.0000000000
B274	terminal	5	4	4	100.0000000000	0.0000000000
B275	terminal	5	5	5	100.0000000000	0.0000000000
B276	terminal	5	4	4	100.0000000000	0.0000000000
B277	terminal	5	5	5	100.0000000000	0.0000000000
B278	terminal	5	5	5	100.0000000000	0.0000000000
B279	terminal	5	5	5	100.0000000000	0.0000000000
B280	terminal	5	5	5	100.0000000000	0.0000000000
B281	terminal	5	5	5	100.0000000000	0.0000000000
B282	terminal	5	4	4	100.0000000000	0.0000000000
B283	terminal	5	4	4	100.0000000000	0.0000000000
B284	terminal	5	5	5	100.0000000000	0.0000000000
B285	terminal	5	5	5	100.0000000000	0.0000000000
B286	terminal	5	4	4	100.0000000000	0.0000000000
B287	terminal	5	4	4	100.0000000000	0.0000000000
B288	terminal	5	4	4	100.0000000000	0.0000000000
B289	terminal	5	4	4	100.0000000000	0.0000000000
B290	terminal	5	4	4	100.0000000000	0.0000000000
B291	terminal	5	4	4	100.0000000000	0.0000000000
B292	terminal	5	4	4	100.0000000000	0.0000000000
B293	terminal	5	5	5	100.0000000000	0.0000000000
B294	terminal	5	5	5	100.0000000000	0.0000000000
B295	terminal	5	5	5	100.0000000000	0.0000000000
B296	terminal	5	5	5	100.0000000000	0.0000000000
B297	terminal	5	5	5	100.0000000000	0.0000000000
B298	terminal	5	5	5	100.0000000000	0.0000000000
B299	terminal	5	5	5	100.0000000000	0.0000000000
B300	terminal	5	4	4	100.0000000000	0.0000000000
B301	terminal	5	5	5	100.0000000000	0.0000000000
B302	terminal	5	5	5	100.0000000000	0.0000000000
B303	internal	5	3	3	100.0000000000	0.0000000000
B304	internal	5	4	2	50.0000000000	50.0000000000
B305	internal	5	5	5	100.0000000000	0.0000000000
B306	internal	5	5	3	60.0000000000	40.0000000000
B307	internal	5	5	3	60.0000000000	40.0000000000
B308	internal	5	5	3	60.0000000000	40.0000000000
B309	internal	5	4	4	100.0000000000	0.0000000000
B310	internal	5	3	3	100.0000000000	0.0000000000
B311	internal	5	5	2	40.0000000000	60.0000000000
B312	internal	5	1	1	100.0000000000	0.0000000000
B313	internal	5	5	5	100.0000000000	0.0000000000
B314	internal	5	5	5	100.0000000000	0.0000000000
B315	internal	5	5	5	100.0000000000	0.0000000000
B316	internal	5	4	0	0.0000000000	100.0000000000
B317	internal	5	5	4	80.0000000000	20.0000000000
B318	internal	5	5	4	80.0000000000	20.0000000000
B319	internal	5	4	4	100.0000000000	0.0000000000
B320	internal	5	3	1	33.3333333333	66.6666666667
B321	internal	5	5	4	80.0000000000	20.0000000000
B322	internal	5	5	4	80.0000000000	20.0000000000
B323	internal	5	5	4	80.0000000000	20.0000000000
B324	internal	5	5	4	80.0000000000	20.0000000000
B325	internal	5	5	4	80.0000000000	20.0000000000
B326	internal	5	5	3	60.0000000000	40.0000000000
B327	internal	5	3	3	100.0000000000	0.0000000000
B328	internal	5	5	4	80.0000000000	20.0000000000
B329	internal	5	4	4	100.0000000000	0.0000000000
B330	internal	5	3	3	100.0000000000	0.0000000000
B331	internal	5	4	4	100.0000000000	0.0000000000
B332	internal	5	5	5	100.0000000000	0.0000000000
B333	internal	5	4	4	100.0000000000	0.0000000000
B334	internal	5	3	0	0.0000000000	100.0000000000
B335	internal	5	3	3	100.0000000000	0.0000000000
B336	internal	5	3	3	100.0000000000	0.0000000000
B337	internal	5	5	2	40.0000000000	60.0000000000
B338	internal	5	5	4	80.0000000000	20.0000000000
B339	internal	5	5	4	80.0000000000	20.0000000000
B340	internal	5	5	4	80.0000000000	20.0000000000
B341	internal	5	5	2	40.0000000000	60.0000000000
B342	internal	5	5	0	0.0000000000	100.0000000000
B343	internal	5	3	0	0.0000000000	100.0000000000
B344	internal	5	4	4	100.0000000000	0.0000000000
B345	internal	5	5	4	80.0000000000	20.0000000000
B346	internal	5	4	3	75.0000000000	25.0000000000
B347	internal	5	4	1	25.0000000000	75.0000000000
B348	internal	5	4	3	75.0000000000	25.0000000000
B349	internal	5	5	4	80.0000000000	20.0000000000
B350	internal	5	5	3	60.0000000000	40.0000000000
B351	internal	5	4	4	100.0000000000	0.0000000000
B352	internal	5	4	1	25.0000000000	75.0000000000
B353	internal	5	5	4	80.0000000000	20.0000000000
B354	internal	5	4	2	50.0000000000	50.0000000000
B355	internal	5	4	3	75.0000000000	25.0000000000
B356	internal	5	5	1	20.0000000000	80.0000000000
B357	internal	5	5	4	80.0000000000	20.0000000000
B358	internal	5	3	2	66.6666666667	33.3333333333
B359	internal	5	3	3	100.0000000000	0.0000000000
B360	internal	5	3	3	100.0000000000	0.0000000000
B361	internal	5	4	2	50.0000000000	50.0000000000
B362	internal	5	5	3	60.0000000000	40.0000000000
B363	internal	5	4	3	75.0000000000	25.0000000000
B364	internal	5	4	3	75.0000000000	25.0000000000
B365	internal	5	5	4	80.0000000000	20.0000000000
B366	internal	5	5	4	80.0000000000	20.0000000000
B367	internal	5	5	2	40.0000000000	60.0000000000
B368	internal	5	5	3	60.0000000000	40.0000000000
B369	internal	5	5	2	40.0000000000	60.0000000000
B370	internal	5	5	1	20.0000000000	80.0000000000
B371	internal	5	5	1	20.0000000000	80.0000000000
B372	internal	5	5	5	100.0000000000	0.0000000000
B373	internal	5	4	4	100.0000000000	0.0000000000
B374	internal	5	5	5	100.0000000000	0.0000000000
B375	internal	5	5	5	100.0000000000	0.0000000000
B376	internal	5	5	5	100.0000000000	0.0000000000
B377	internal	5	5	1	20.0000000000	80.0000000000
B378	internal	5	5	4	80.0000000000	20.0000000000
B379	internal	5	5	4	80.0000000000	20.0000000000
B380	internal	5	5	5	100.0000000000	0.0000000000
B381	internal	5	4	1	25.0000000000	75.0000000000
B382	internal	5	5	4	80.0000000000	20.0000000000
B383	internal	5	5	5	100.0000000000	0.0000000000
B384	internal	5	5	4	80.0000000000	20.0000000000
B385	internal	5	5	4	80.0000000000	20.0000000000
B386	internal	5	5	0	0.0000000000	100.0000000000
B387	internal	5	5	3	60.0000000000	40.0000000000
B388	internal	5	5	2	40.0000000000	60.0000000000
B389	internal	5	5	4	80.0000000000	20.0000000000
B390	internal	5	5	4	80.0000000000	20.0000000000
B391	internal	5	5	3	60.0000000000	40.0000000000
B392	internal	5	5	4	80.0000000000	20.0000000000
B393	internal	5	5	3	60.0000000000	40.0000000000
B394	internal	5	5	4	80.0000000000	20.0000000000
B395	internal	5	5	3	60.0000000000	40.0000000000
B396	internal	5	5	3	60.0000000000	40.0000000000
B397	internal	5	5	3	60.0000000000	40.0000000000
B398	internal	5	4	3	75.0000000000	25.0000000000
B399	internal	5	5	3	60.0000000000	40.0000000000
B400	internal	5	5	2	40.0000000000	60.0000000000
B401	internal	5	5	4	80.0000000000	20.0000000000
B402	internal	5	5	3	60.0000000000	40.0000000000
B403	internal	5	5	4	80.0000000000	20.0000000000
B404	internal	5	5	5	100.0000000000	0.0000000000
B405	internal	5	5	3	60.0000000000	40.0000000000
B406	internal	5	5	5	100.0000000000	0.0000000000
B407	internal	5	5	4	80.0000000000	20.0000000000
B408	internal	5	5	5	100.0000000000	0.0000000000
B409	internal	5	5	4	80.0000000000	20.0000000000
B410	internal	5	4	3	75.0000000000	25.0000000000
B411	internal	5	4	2	50.0000000000	50.0000000000
B412	internal	5	5	3	60.0000000000	40.0000000000
B413	internal	5	5	1	20.0000000000	80.0000000000
B414	internal	5	5	3	60.0000000000	40.0000000000
B415	internal	5	3	3	100.0000000000	0.0000000000
B416	internal	5	4	3	75.0000000000	25.0000000000
B417	internal	5	5	2	40.0000000000	60.0000000000
B418	internal	5	5	3	60.0000000000	40.0000000000
B419	internal	5	5	4	80.0000000000	20.0000000000
B420	internal	5	5	4	80.0000000000	20.0000000000
B421	internal	5	5	4	80.0000000000	20.0000000000
B422	internal	5	4	4	100.0000000000	0.0000000000
B423	internal	5	5	5	100.0000000000	0.0000000000
B424	internal	5	4	3	75.0000000000	25.0000000000
B425	internal	5	5	2	40.0000000000	60.0000000000
B426	internal	5	5	3	60.0000000000	40.0000000000
B427	internal	5	4	3	75.0000000000	25.0000000000
B428	internal	5	4	1	25.0000000000	75.0000000000
B429	internal	5	5	4	80.0000000000	20.0000000000
B430	internal	5	5	3	60.0000000000	40.0000000000
B431	internal	5	4	1	25.0000000000	75.0000000000
B432	internal	5	4	0	0.0000000000	100.0000000000
B433	internal	5	5	5	100.0000000000	0.0000000000
B434	internal	5	5	3	60.0000000000	40.0000000000
B435	internal	5	4	4	100.0000000000	0.0000000000
B436	internal	5	5	3	60.0000000000	40.0000000000
B437	internal	5	5	4	80.0000000000	20.0000000000
B438	internal	5	5	3	60.0000000000	40.0000000000
B439	internal	5	5	4	80.0000000000	20.0000000000
B440	internal	5	4	4	100.0000000000	0.0000000000
B441	internal	5	5	4	80.0000000000	20.0000000000
B442	internal	5	5	1	20.0000000000	80.0000000000
B443	internal	5	5	4	80.0000000000	20.0000000000
B444	internal	5	5	3	60.0000000000	40.0000000000
B445	internal	5	5	4	80.0000000000	20.0000000000
B446	internal	5	4	4	100.0000000000	0.0000000000
B447	internal	5	4	4	100.0000000000	0.0000000000
B448	internal	5	4	3	75.0000000000	25.0000000000
B449	internal	5	5	5	100.0000000000	0.0000000000
B450	internal	5	5	4	80.0000000000	20.0000000000
B451	internal	5	5	1	20.0000000000	80.0000000000
B452	internal	5	5	2	40.0000000000	60.0000000000
B453	internal	5	5	3	60.0000000000	40.0000000000
B454	internal	5	5	3	60.0000000000	40.0000000000
B455	internal	5	5	4	80.0000000000	20.0000000000
B456	internal	5	5	3	60.0000000000	40.0000000000
B457	internal	5	5	5	100.0000000000	0.0000000000
B458	internal	5	5	5	100.0000000000	0.0000000000
B459	internal	5	4	4	100.0000000000	0.0000000000
B460	internal	5	4	3	75.0000000000	25.0000000000
B461	internal	5	4	3	75.0000000000	25.0000000000
B462	internal	5	4	2	50.0000000000	50.0000000000
B463	internal	5	4	3	75.0000000000	25.0000000000
B464	internal	5	4	2	50.0000000000	50.0000000000
B465	internal	5	5	4	80.0000000000	20.0000000000
B466	internal	5	5	4	80.0000000000	20.0000000000
B467	internal	5	5	5	100.0000000000	0.0000000000
B468	internal	5	5	4	80.0000000000	20.0000000000
B469	internal	5	5	4	80.0000000000	20.0000000000
B470	internal	5	5	2	40.0000000000	60.0000000000
B471	internal	5	5	1	20.0000000000	80.0000000000
B472	internal	5	5	5	100.0000000000	0.0000000000
B473	internal	5	5	5	100.0000000000	0.0000000000
B474	internal	5	5	5	100.0000000000	0.0000000000
B475	internal	5	5	5	100.0000000000	0.0000000000
B476	internal	5	4	4	100.0000000000	0.0000000000
B477	internal	5	4	4	100.0000000000	0.0000000000
B478	internal	5	5	4	80.0000000000	20.0000000000
B479	internal	5	5	5	100.0000000000	0.0000000000
B480	internal	5	5	4	80.0000000000	20.0000000000
B481	internal	5	5	3	60.0000000000	40.0000000000
B482	internal	5	5	5	100.0000000000	0.0000000000
B483	internal	5	5	5	100.0000000000	0.0000000000
B484	internal	5	5	4	80.0000000000	20.0000000000
B485	internal	5	5	2	40.0000000000	60.0000000000
B486	internal	5	3	2	66.6666666667	33.3333333333
B487	internal	5	3	3	100.0000000000	0.0000000000
B488	internal	5	5	3	60.0000000000	40.0000000000
B489	internal	5	5	5	100.0000000000	0.0000000000
B490	internal	5	5	5	100.0000000000	0.0000000000
B491	internal	5	5	5	100.0000000000	0.0000000000
B492	internal	5	5	5	100.0000000000	0.0000000000
B493	internal	5	5	5	100.0000000000	0.0000000000
B494	internal	5	4	4	100.0000000000	0.0000000000
B495	internal	5	5	2	40.0000000000	60.0000000000
B496	internal	5	5	2	40.0000000000	60.0000000000
B497	internal	5	5	3	60.0000000000	40.0000000000
B498	internal	5	5	5	100.0000000000	0.0000000000
B499	internal	5	5	5	100.0000000000	0.0000000000
B500	internal	5	5	4	80.0000000000	20.0000000000
B501	internal	5	5	4	80.0000000000	20.0000000000
B502	internal	5	5	3	60.0000000000	40.0000000000
B503	internal	5	5	4	80.0000000000	20.0000000000
B504	internal	5	5	4	80.0000000000	20.0000000000
B505	internal	5	4	3	75.0000000000	25.0000000000
B506	internal	5	4	1	25.0000000000	75.0000000000
B507	internal	5	5	5	100.0000000000	0.0000000000
B508	internal	5	5	5	100.0000000000	0.0000000000
B509	internal	5	5	5	100.0000000000	0.0000000000
B510	internal	5	4	4	100.0000000000	0.0000000000
B511	internal	5	5	5	100.0000000000	0.0000000000
B512	internal	5	5	5	100.0000000000	0.0000000000
B513	internal	5	5	0	0.0000000000	100.0000000000
B514	internal	5	5	5	100.0000000000	0.0000000000
B515	internal	5	5	5	100.0000000000	0.0000000000
B516	internal	5	5	5	100.0000000000	0.0000000000
B517	internal	5	5	1	20.0000000000	80.0000000000
B518	internal	5	5	2	40.0000000000	60.0000000000
B519	internal	5	5	4	80.0000000000	20.0000000000
B520	internal	5	5	5	100.0000000000	0.0000000000
B521	internal	5	4	4	100.0000000000	0.0000000000
B522	internal	5	5	5	100.0000000000	0.0000000000
B523	internal	5	5	5	100.0000000000	0.0000000000
B524	internal	5	5	2	40.0000000000	60.0000000000
B525	internal	5	5	4	80.0000000000	20.0000000000
B526	internal	5	5	5	100.0000000000	0.0000000000
B527	internal	5	5	5	100.0000000000	0.0000000000
B528	internal	5	4	4	100.0000000000	0.0000000000
B529	internal	5	4	4	100.0000000000	0.0000000000
B530	internal	5	4	4	100.0000000000	0.0000000000
B531	internal	5	4	4	100.0000000000	0.0000000000
B532	internal	5	5	2	40.0000000000	60.0000000000
B533	internal	5	5	1	20.0000000000	80.0000000000
B534	internal	5	4	4	100.0000000000	0.0000000000
B535	internal	5	4	3	75.0000000000	25.0000000000
B536	internal	5	4	4	100.0000000000	0.0000000000
B537	internal	5	3	3	100.0000000000	0.0000000000
B538	internal	5	4	4	100.0000000000	0.0000000000
B539	internal	5	5	5	100.0000000000	0.0000000000
B540	internal	5	5	4	80.0000000000	20.0000000000
B541	internal	5	5	5	100.0000000000	0.0000000000
B542	internal	5	5	2	40.0000000000	60.0000000000
B543	internal	5	5	5	100.0000000000	0.0000000000
B544	internal	5	5	3	60.0000000000	40.0000000000
B545	internal	5	5	5	100.0000000000	0.0000000000
B546	internal	5	5	4	80.0000000000	20.0000000000
B547	internal	5	5	5	100.0000000000	0.0000000000
B548	internal	5	4	3	75.0000000000	25.0000000000
B549	internal	5	4	2	50.0000000000	50.0000000000
B550	internal	5	5	5	100.0000000000	0.0000000000
B551	internal	5	5	5	100.0000000000	0.0000000000
B552	internal	5	5	3	60.0000000000	40.0000000000
B553	internal	5	4	4	100.0000000000	0.0000000000
B554	internal	5	4	4	100.0000000000	0.0000000000
B555	internal	5	5	5	100.0000000000	0.0000000000
B556	internal	5	5	4	80.0000000000	20.0000000000
B557	internal	5	5	2	40.0000000000	60.0000000000
B558	internal	5	5	4	80.0000000000	20.0000000000
B559	internal	5	5	4	80.0000000000	20.0000000000
B560	internal	5	5	1	20.0000000000	80.0000000000
B561	internal	5	5	2	40.0000000000	60.0000000000
B562	internal	5	5	5	100.0000000000	0.0000000000
B563	internal	5	4	3	75.0000000000	25.0000000000
B564	internal	5	4	1	25.0000000000	75.0000000000
B565	internal	5	4	1	25.0000000000	75.0000000000
B566	internal	5	5	2	40.0000000000	60.0000000000
B567	internal	5	5	5	100.0000000000	0.0000000000
B568	internal	5	5	5	100.0000000000	0.0000000000
B569	internal	5	5	5	100.0000000000	0.0000000000
B570	internal	5	4	4	100.0000000000	0.0000000000
B571	internal	5	5	1	20.0000000000	80.0000000000
B572	internal	5	5	5	100.0000000000	0.0000000000
B573	internal	5	4	3	75.0000000000	25.0000000000
B574	internal	5	4	4	100.0000000000	0.0000000000
B575	internal	5	4	0	0.0000000000	100.0000000000
B576	internal	5	4	4	100.0000000000	0.0000000000
B577	internal	5	4	3	75.0000000000	25.0000000000
B578	internal	5	5	3	60.0000000000	40.0000000000
B579	internal	5	5	3	60.0000000000	40.0000000000
B580	internal	5	5	3	60.0000000000	40.0000000000
B581	internal	5	4	3	75.0000000000	25.0000000000
B582	internal	5	4	2	50.0000000000	50.0000000000
B583	internal	5	5	3	60.0000000000	40.0000000000
B584	internal	5	5	0	0.0000000000	100.0000000000
B585	internal	5	5	2	40.0000000000	60.0000000000
B586	internal	5	4	4	100.0000000000	0.0000000000
B587	internal	5	4	4	100.0000000000	0.0000000000
B588	internal	5	5	5	100.0000000000	0.0000000000
B589	internal	5	5	3	60.0000000000	40.0000000000
B590	internal	5	5	4	80.0000000000	20.0000000000
B591	internal	5	5	4	80.0000000000	20.0000000000
B592	internal	5	5	5	100.0000000000	0.0000000000
B593	internal	5	5	3	60.0000000000	40.0000000000
B594	internal	5	5	3	60.0000000000	40.0000000000
B595	internal	5	5	2	40.0000000000	60.0000000000
B596	internal	5	5	4	80.0000000000	20.0000000000
B597	internal	5	5	0	0.0000000000	100.0000000000
B598	internal	5	5	0	0.0000000000	100.0000000000
B599	internal	5	5	0	0.0000000000	100.0000000000
B600	internal	5	5	2	40.0000000000	60.0000000000
B601	internal	5	5	5	100.0000000000	0.0000000000
